0
0.00012
0.000239976
0.000359928
0.000479856
0.00059976
0.00071964
0.000839496
0.000959328
0.00107914
0.00119892
0.00131868
0.00143842
0.00155813
0.00167782
0.00179748
0.00669084
0.0068095
0.00692814
0.00704675
0.00716534
0.00728391
0.00740245
0.00752097
0.00763947
0.00775794
0.00787639
0.00799481
0.00811321
0.00823159
0.00834995
0.00846828
0
0
0
0
0
0
0
0
0
0
0
0
0
0.00012
0.000239976
0.000359928
0.0052593
0.00537825
0.00549717
0.00561607
0.00573495
0.0058538
0.00597263
0.00609144
0.00621022
0.00632898
0.00644771
0.00656642
0.00668511
0.00680377
0.00692241
0.00704102
0
0
0
0
0
0
0
0
0
0
0
0
0
0.00012
0.000239976
0.000359928
0.0052593
0.00537825
0.00549717
0.00561607
0.00573495
0.0058538
0.00597263
0.00609144
0.00621022
0.00632898
0.00644771
0.00656642
0.00668511
0.00680377
0.00692241
0.00704102
0
0
0
0
0
0
0
0
0
0
0
0
0
0.00012
0.000239976
0.000359928
0.0052593
0.00537825
0.00549717
0.00561607
0.00573495
0.0058538
0.00597263
0.00609144
0.00621022
0.00632898
0.00644771
0.00656642
0.00668511
0.00680377
0.00692241
0.00704102
0
0
0
0
0
0
0
0
0
0
0
0
0
0.00012
0.000239976
0.000359928
0.0052593
0.00537825
0.00549717
0.00561607
0.00573495
0.0058538
0.00597263
0.00609144
0.00621022
0.00632898
0.00644771
0.00656642
0.00668511
0.00680377
0.00692241
0.00704102
0
0
0
0
0
0
0
0
0
0
0
0
0
0.00012
0.000239976
0.000359928
0.0052593
0.00537825
0.00549717
0.00561607
0.00573495
0.0058538
0.00597263
0.00609144
0.00621022
0.00632898
0.00644771
0.00656642
0.00668511
0.00680377
0.00692241
0.00704102
0
0
0
0
0
0
0
0
0
0
0
0
0
0.00012
0.000239976
0.000359928
0.0052593
0.00537825
0.00549717
0.00561607
0.00573495
0.0058538
0.00597263
0.00609144
0.00621022
0.00632898
0.00644771
0.00656642
0.00668511
0.00680377
0.00692241
0.00704102
0
0
0
0
0
0
0
0
0
0
0
0
0
0.00012
0.000239976
0.000359928
0.0052593
0.00537825
0.00549717
0.00561607
0.00573495
0.0058538
0.00597263
0.00609144
0.00621022
0.00632898
0.00644771
0.00656642
0.00668511
0.00680377
0.00692241
0.00704102
0
0
0
0
0
0
0
0
0
0
0
0
0
0.00012
0.000239976
0.000359928
0.0052593
0.00537825
0.00549717
0.00561607
0.00573495
0.0058538
0.00597263
0.00609144
0.00621022
0.00632898
0.00644771
0.00656642
0.00668511
0.00680377
0.00692241
0.00704102
0
0
0
0
0
0
0
0
0
0
0
0
0
0.00012
0.000239976
0.000359928
0.0052593
0.00537825
0.00549717
0.00561607
0.00573495
0.0058538
0.00597263
0.00609144
0.00621022
0.00632898
0.00644771
0.00656642
0.00668511
0.00680377
0.00692241
0.00704102
0
0
0
0
0
0
0
0
0
0
0
0
0
0.00012
0.000239976
0.000359928
0.000479856
0.00059976
0.00071964
0.000839496
0.000959328
0.00107914
0.0059755
0.0060943
0.00621308
0.00633184
0.00645057
0.00656928
0.00668797
0.00680663
0.00692527
0.00704389
0.00716248
0
0
0
0
0
0
0
0
0
0
0
0
0
0.00012
0.000239976
0.000359928
0.000479856
0.00059976
0.00071964
0.000839496
0.000959328
0.00107914
0.0059755
0.0060943
0.00621308
0.00633184
0.00645057
0.00656928
0.00668797
0.00680663
0.00692527
0.00704389
0.00716248
0
0
0
0
0
0
0
0
0
0
0
0
0
0.00012
0.000239976
0.000359928
0.000479856
0.00059976
0.00071964
0.000839496
0.000959328
0.00107914
0.0059755
0.0060943
0.00621308
0.00633184
0.00645057
0.00656928
0.00668797
0.00680663
0.00692527
0.00704389
0.00716248
0
0
0
0
0
0
0
0
0
0
0
0
0
0.00012
0.000239976
0.000359928
0.000479856
0.00059976
0.00071964
0.000839496
0.000959328
0.00107914
0.0059755
0.0060943
0.00621308
0.00633184
0.00645057
0.00656928
0.00668797
0.00680663
0.00692527
0.00704389
0.00716248
0
0
0
0
0
0
0
0
0
0
0
0
0
0.00012
0.000239976
0.000359928
0.000479856
0.00059976
0.00071964
0.000839496
0.000959328
0.00107914
0.0059755
0.0060943
0.00621308
0.00633184
0.00645057
0.00656928
0.00668797
0.00680663
0.00692527
0.00704389
0.00716248
0
0
0
0
0
0
0
0
0
0
0
0
0
0.00012
0.000239976
0.000359928
0.000479856
0.00059976
0.00071964
0.000839496
0.000959328
0.00107914
0.0059755
0.0060943
0.00621308
0.00633184
0.00645057
0.00656928
0.00668797
0.00680663
0.00692527
0.00704389
0.00716248
0
0
0
0
0
0
0
0
0
0
0
0
0
0.00012
0.000239976
0.000359928
0.000479856
0.00059976
0.00071964
0.000839496
0.000959328
0.00107914
0.0059755
0.0060943
0.00621308
0.00633184
0.00645057
0.00656928
0
0
0
0
0
0
0
0
0
0
0
0
0
0.00012
0.000239976
0.000359928
0.000479856
0.00059976
0.00549813
0.00561703
0.0057359
0.00585476
0.00597359
0.00609239
0
0
0
0
0
0
0
0
0
0
0
0
0
0.00012
0.000239976
0.000359928
0.000479856
0.00059976
0.00549813
0.00561703
0.0057359
0.00585476
0.00597359
0.00609239
0
0
0
0
0
0
0
0
0
0
0
0
0
0.00012
0.000239976
0.000359928
0.000479856
0.00059976
0.00549813
0.00561703
0.0057359
0.00585476
0.00597359
0.00609239
0
0
0
0
0
0
0
0
0
0
0
0
0
0.00012
0.000239976
0.000359928
0.000479856
0.00059976
0.00549813
0.00561703
0.0057359
0.00585476
0.00597359
0.00609239
0
0
0
0
0
0
0
0
0
0
0
0
0
0.00012
0.000239976
0.000359928
0.000479856
0.00059976
0.00549813
0
0
0
0
0
0
0
0
0
0
0
0
0
0.00490088
0.00978125
0
0
0
0
0
0
0
0
0
0
0
0
0
0.00490088
0.00978125
0
0
0
0
0
0
0
0
0
0
0
0
0
0.00490088
0.00978125
0
0
0
0
0
0
0
0
0
0
0
0
0
0.00490088
0.00978125
0.00989929
0
0
0
0
0
0
0
0
0
0
0
0
0
0.00012
0.00502037
0.00513937
0.00525834
0.00537729
0
0
0
0
0
0
0
0
0
0
0
0
0
0.00012
0.000239976
0.000359928
0.0052593
0.00537825
0.00549717
0.00561607
0
0
0
0
0
0
0
0
0
0
0
0
0
0.00012
0.000239976
0.000359928
0.0052593
0.00537825
0.00549717
0.00561607
0
0
0
0
0
0
0
0
0
0
0
0
0
0.00012
0.000239976
0.000359928
0.0052593
0.00537825
0.00549717
0.00561607
0
0
0
0
0
0
0
0
0
0
0
0
0
0.00012
0.000239976
0.000359928
0.0052593
0.00537825
0.00549717
0.00561607
0.00573495
0.0058538
0.00597263
0.00609144
0
0
0
0
0
0
0
0
0
0
0
0
0
0.00012
0.000239976
0.000359928
0.0052593
0.00537825
0.00549717
0.00561607
0.00573495
0.0058538
0.00597263
0.00609144
0
0
0
0
0
0
0
0
0
0
0
0
0
0.00012
0.000239976
0.000359928
0.0052593
0.00537825
0.00549717
0.00561607
0.00573495
0.0058538
0.00597263
0.00609144
0
0
0
0
0
0
0
0
0
0
0
0
0
0.00012
0.000239976
0.000359928
0.0052593
0.00537825
0.00549717
0.00561607
0.00573495
0.0058538
0.00597263
0.00609144
0
0
0
0
0
0
0
0
0
0
0
0
0
0.00012
0.000239976
0.000359928
0.0052593
0.00537825
0.00549717
0.00561607
0.00573495
0.0058538
0.00597263
0.00609144
0
0
0
0
0
0
0
0
0
0
0
0
0
0.00012
0.000239976
0.000359928
0.0052593
0.00537825
0.00549717
0.00561607
0.00573495
0.0058538
0.00597263
0.00609144
0
0
0
0
0
0
0
0
0
0
0
0
0
0.00012
0.000239976
0.000359928
