0
0.00012
0.000239976
0.000359928
0.000479856
0.00059976
0.00071964
0.000839496
0.000959328
0.00107914
0.00119892
0.00131868
0.00143842
0.00155813
0.00167782
0.00179748
0.00191712
0.00203674
0.00215633
0.0022759
0.0165977
0.0167144
0.016831
0.0169477
0.0170643
0
0
0
0
0
0
0
0
0
0
0
0
0
0.00012
0.000239976
0.000359928
0.000479856
0.00059976
0.00071964
0.000839496
0.0151786
0.0293449
0.029459
0.0295731
0.0296872
0.0298012
0.0299153
0.0300293
0.0301433
0.0302573
0.0303712
0.0443543
0.0444654
0.0445765
0.0446876
0.0447986
0.0449097
0.0450207
0.0451317
0.0452427
0.0453536
0.0454645
