0
0.00012
0.000239976
0.000359928
0.000479856
0.00059976
0.00071964
0.000839496
0.000959328
0.00107914
0.00119892
0.00131868
0.00143842
0.00155813
0.00167782
0.0229859
0.0231013
0.0232167
0.023332
0.0234474
0.0443662
0.0444773
0.0445884
0.0446995
0.0448105
0
0
0
0
0
0
0
0
0
0
0
0
0
0.00012
0.000239976
0.000359928
0.000479856
0.00059976
0.00071964
0.000839496
0.000959328
0.0222802
0.0223958
0.0225113
0.0226268
0.0227423
0.0228577
0.0229732
0.0230886
0.023204
0.0233193
0.0234346
0.02355
0.0236653
0.0237805
0.0238958
0.024011
0.0449197
0.0450307
0.0451417
0.0452527
0.0453636
