0
0.00012
0.000239976
0.000359928
0.000479856
0.00059976
0.00071964
0.000839496
0.000959328
0.00107914
0.0200796
0.0201955
0.0203115
0.0204274
0.0205434
0.0206593
0.0207751
0.020891
0.0210068
0.0211226
0.0398034
0.0399154
0.0400274
0.0401394
0.0402514
0.0403633
0.0404753
0.0405872
0.040699
0.0408109
0.0409227
0
0
0
0
0
0
0
0
0
0
0
0
0
0.00012
0.000239976
0.000359928
0.0193718
0.019488
0.0196041
0.0197201
0.0198362
0.0199522
0.0200682
0.0201842
0.0203002
0.0204161
0.020532
0.0206479
0.0207638
0.0208796
0.0209955
0.0211113
0.0397922
0.0399043
0.0400163
0.0401283
