0
0.00012
0.000239976
0.000359928
0.000479856
0.00059976
0.00071964
0.000839496
0.000959328
0.00107914
0.00119892
0.00131868
0.00143842
0.00155813
0.00167782
0.00179748
0.0207865
0.0209023
0.0210181
0.0211339
0.0212497
0.0213654
0.0214812
0.0215969
0.0217125
0.0218282
0.0219438
0.0220594
0.022175
0.0222906
0.0409527
0.0410646
0.0411763
0.0412881
0.0413999
0.0415116
0.0416233
0.0417349
0.0418466
0.0419582
0.0420698
0
0
0
0
0
0
0
0
0
0
0
0
0
0.00012
0.000239976
0.000359928
0.000479856
0.00059976
0.00071964
0.000839496
0.000959328
0.00107914
0.0200796
0.0201955
0.0203115
0.0204274
0.0205434
0.0206593
0.0207751
0.020891
0.0210068
0.0211226
0.0212384
0.0213541
0.0214698
0.0215855
0.0217012
0.0218169
0.0404866
0.0405985
0.0407104
0.0408222
0
0
0
0
0
0
0
0
0
0
0
0
