0
0.00012
0.000239976
0.000359928
0.000479856
0.00059976
0.00071964
0.000839496
0.000959328
0.00107914
0.00119892
0.00131868
0.00143842
0.00155813
0.00167782
0.00179748
0.0231034
0.0232188
0.0233342
0.0234495
0.0235648
0.0236801
0.0237953
0.0239106
0.0240258
0.024141
0.0242562
0.0243713
0.0244864
0.0246015
0.0454997
0.0456106
0.0457215
0.0458323
0.0459432
0.046054
0.0461648
0.0462755
0.0463863
0.046497
0.0466077
0
0
0
0
0
0
0
0
0
0
0
0
0
0.00012
0.000239976
0.000359928
0.000479856
0.00059976
0.00071964
0.000839496
0.000959328
0.00107914
0.0223979
0.0225134
0.0226289
0.0227444
0.0228599
0.0229753
0.0230907
0.0232061
0.0233214
0.0234368
0.0235521
0.0236674
0.0237826
0.0238979
0.0240131
0.0241283
0.0450349
0.0451459
0.0452569
0.0453678
0
0
0
0
0
0
0
0
0
0
0
0
