0
0.00012
0.000239976
0.000359928
0.000479856
0.00059976
0.00071964
0.000839496
0.000959328
0.00107914
0.00119892
0.00131868
0.00143842
0.00155813
0.00167782
0.00179748
0.03
0.030114
0.030228
0.0303419
0.0304559
0.0305698
0.0306837
0.0307975
0.0309114
0.0310252
0.031139
0.0312527
0.0313665
0.0314802
0
0
0
0
0
0
0
0
0
0
0
0
0
0.00012
0.000239976
0.000359928
0.000479856
0.0287135
0
0
0
0
0
0
0
0
0
0
0
0
0
0.028245
0
0
0
0
0
0
0
0
0
0
0
0
0
0.00012
0.000239976
0.000359928
0.000479856
0.0287135
0.0288278
0.028942
0.0290562
0
0
0
0
0
0
0
0
0
0
0
0
