0
0.00012
0.000239976
0.000359928
0.000479856
0.00059976
0.00071964
0.000839496
0.000959328
0.00107914
0.00119892
0.00131868
0.00143842
0.00155813
0.00167782
0.00179748
0.0254113
0.0255262
0.0256411
0.025756
0.0258708
0.0259856
0.0261005
0.0262152
0.02633
0.0264447
0.0265594
0.0266741
0.0267888
0.0269034
0
0
0
0
0
0
0
0
0
0
0
0
0
0.00012
0.000239976
0.000359928
0.000479856
0.0241198
0.0242349
0.0243501
0.0244652
0.0245803
0.0246954
0.0248105
0.0249255
0.0250405
0.0251555
0.0252705
0.0253854
0.0255004
0.0256153
0.0257301
0.025845
0.0489825
0.0490927
0.0492029
0.049313
0.0494231
0.0495333
0.0496434
0.0497534
0.0498635
0.0499735
0
0
0
0
0
0
0
0
0
0
0
0
0
0.00012
0.000239976
0.000359928
0.0240022
0.0241174
0.0242326
0.0243477
0.0244629
0.024578
