0
0.00012
0.000239976
0.000359928
0.000479856
0.00059976
0.00071964
0.000839496
0.000959328
0.00107914
0.00119892
0.00131868
0.00143842
0.00155813
0.00167782
0.00179748
0.00191712
0.00203674
0.00215633
0.0022759
0.00239545
0.00251497
0.00263446
0.00275394
0.00287339
0.00299281
0.00311221
0.00323159
0.00335094
0.00347027
0.0451678
0.0452788
0.0453897
0.0455007
0.0456116
0.0457224
0.0458333
0.0459441
0.0460549
0.0461657
0.0462765
0
0
0
0
0
0
0
0
0
0
0
0
0
0.00012
0.000239976
0.000359928
0.000479856
0.00059976
0.00071964
0.000839496
0.000959328
0.015297
0.0294618
0.0295759
0.02969
0.0298041
0.0299181
0.0300321
0.0301461
0.0302601
0.030374
0.030488
0.0444696
0.0445807
0.0446918
0.0448028
0
0
0
0
0
0
0
0
0
0
0
0
0
0.00012
0.000239976
0.000359928
0.000479856
0.00059976
