0
0.00012
0.000239976
0.000359928
0.000479856
0.00059976
0.00071964
0.000839496
0.000959328
0.00107914
0.00119892
0.00131868
0.00143842
0.00155813
0.00167782
0.00179748
0.0277101
0.0278246
0.027939
0.0280534
0.0281678
0.0282822
0.0283965
0.0285109
0.0286252
0.0287394
0.0288537
0.0289679
0.0290821
0.0291963
0
0
0
0
0
0
0
0
0
0
0
0
0
0.00012
0.000239976
0.000359928
0.000479856
0.0264211
0.0265358
0.0266505
0.0267652
0.0268799
0.0269945
0.0271091
0.0272237
0.0273382
0.0274527
0.0275673
0.0276817
0.0277962
0.0279106
0.0280251
0.0281395
0
0
0
0
0
0
0
0
0
0
0
0
0
0.0259517
0
0
0
0
0
0
0
0
0
0
0
0
0
0.00012
0.000239976
0.000359928
0.0263038
0.0264185
